34005
39017
00055
48141
29077
09003
01073
18085
12071
04013
34021
36055
10003
26125
13125
12095
19153
29510
06075
18163
36119
48491
55139
39173
18003
26025
06013
39035
42043
39063
34019
06059
22073
12105
36081
36085
51161
06073
06085
39169
05007
47037
11001
51059
37081
48201
06201
12086
24031
17143
44007
49035
47163
39153
05139
47187
16001
17031
27037
48113
17043
26045
13121
13135
20091
17097
19113
25017
36059
12099
12103
27123
20173
25023
34023
06001
51013
18005
48029
55025
42045
08031
42049
09001
37067
39061
25013
51087
21111
27097
06037
26111
55079
42091
40109
05119
55101
17161
36101
48439
34039
05143
12009
08014
48085
37063
34121
51085
26075
53033
42077
13215
36061
51710
22055
29189
48453
06111
41067
26081
37001
42003
08005
34003
26021
12011
51550
42029
42041
12031
36049
39049
51075
47065
27053
37097
41029
26077
36047
48037
18097
17113
34027
51700
34031
51159
06081
40143
34007
32003
13067
34013
13129
12057
39095
17115
37119
48339
09009
42101
47157
26163
55133